 structure      yaw    pitch     roll    theta
 pdb1lvh_A   -6.633   18.175  -13.581   22.980
 pdb1lvh_B    2.281   26.385  -21.237   34.154
 pdb1o03_A   -0.044    0.397   -0.130    0.420
 pdb1o08_A   -0.407    0.315   -0.101    0.524
 pdb1z4n_A   -7.529   -5.124   -7.751   12.168
 pdb1z4n_B   -7.005   -5.755   -8.588   12.720
 pdb1z4o_A   -2.209   -2.681   -1.790    3.931
 pdb1z4o_B  -10.209   -7.319   -4.755   13.652
 pdb1zol_A   -1.523   21.441  -19.710   28.891
 pdb2wf5_A   -0.000   -0.000    0.000    0.000
 pdb2wf6_A    0.081    0.076    0.176    0.208
 pdb2wf7_A    0.052    0.137    0.082    0.168
 pdb2wf8_A   -0.148   -0.299    0.132    0.359
 pdb2wf9_A   -3.899    1.243  -16.597   17.049
 pdb2wfa_A   -3.435   23.310  -22.798   32.180
 pdb2whe_A   -2.840   23.416  -21.713   31.557
 pdb3fm9_A   -0.559   22.049  -21.626   30.720
 pdb3zi4_A    0.185    0.114    0.267    0.344
 pdb4c4r_A    0.341   -0.271    0.240    0.497
 pdb4c4s_A   -0.307    0.154    0.284    0.446
 pdb4c4t_A   -0.044    0.234    0.189    0.304
 pdb5o6p_A   -3.216   -3.844  -11.766   12.884
 pdb5o6r_A   -8.020   -5.059   -8.713   13.107
 pdb5ojz_A   -2.342   14.979  -18.939   23.975
 pdb5ok0_A   -7.724   -6.950   -7.071   12.821
 pdb5ok1_A   -6.469   -4.531   -8.972   12.137
 pdb5ok2_A    0.050   -0.222   -0.209    0.309
 pdb5olw_A   -4.754   17.086  -24.205   29.347
 pdb5olw_B   -4.934   18.379  -23.286   29.366
 pdb5olx_A    0.213   -0.300    0.710    0.800
 pdb5oly_A   -0.872   -1.686   -1.085    2.193
 pdb5oly_G   -1.742   -3.688   -2.575    4.853
 pdb6h8u_A   -2.614   15.349  -20.094   25.091
 pdb6h8v_A   -2.128   15.365  -20.204   25.194
 pdb6h8v_B   -2.813   14.945  -19.724   24.566
 pdb6h8w_A   -4.669   16.845  -18.344   24.781
 pdb6h8x_A   -4.744   18.730  -11.759   22.178
 pdb6h8x_B   -6.179   12.023   -9.492   16.123
 pdb6h8y_A   -3.377   17.912  -14.749   23.071
 pdb6h8z_A   -9.977   20.505   -5.524   23.006
 pdb6h90_A   -2.153   14.736  -18.847   23.760
 pdb6h91_A   -4.586   16.920  -11.078   20.345
 pdb6h91_B   -5.497   13.073   -9.451   16.674
 pdb6h93_A   -5.792   20.657  -14.132   25.055
 pdb6h93_B   -6.132   12.871  -10.792   17.439
 pdb6h94_A   -9.126   19.791   -2.945   21.758
 pdb6hdf_A   -6.330   16.663  -10.719   20.290
 pdb6hdf_B   -5.096   17.897  -11.362   21.353
 pdb6hdg_A   -0.203   -0.428   -0.157    0.499
 pdb6hdh_A   -5.291   20.208  -14.957   25.088
 pdb6hdh_B   -7.144   14.346  -10.497   18.635
 pdb6hdi_A   -5.661   19.972  -14.176   24.523
 pdb6hdi_B   -7.441   12.671  -10.320   17.454
 pdb6hdj_A   -0.148   -0.343    0.041    0.376
 pdb6hdk_A    0.139   -0.078   -0.400    0.430
 pdb6hdl_A   -0.079   -0.289    0.281    0.411
 pdb6hdm_A    0.182    0.045   -0.108    0.216
 pdb6i03_A    0.698    0.111    0.093    0.713
 pdb6qzg_A   -4.444   18.077  -10.595   21.042
 pdb6qzg_B   -5.170   13.614   -8.790   16.673
 pdb6ydj_A   -0.268   -0.407   -0.138    0.506
 pdb6ydk_A   -3.657   21.655  -20.413   29.420
 pdb6ydl_A   -1.998   14.674  -19.628   24.338
 pdb6ydm_A   -7.291   14.173  -12.211   19.491
 pdb6ydm_B   -5.177   20.768  -14.359   25.192
 pdb8q1c_A   -5.729   13.659   -9.369   17.138
 pdb8q1c_B   -5.055   19.442  -12.967   23.398
 pdb8q1d_A   -4.651    2.379  -14.989   15.776
 pdb8q1e_A   -4.545    2.647  -17.545   18.209
 pdb8q1f_A   -3.964   -2.541  -13.031   13.934
 pdb8q1f_B   -2.225   -1.164  -13.284   13.541