 structure      yaw    pitch     roll    theta
 pdb1lvh_A   -5.959   16.789  -13.211   21.615
 pdb1lvh_B    2.426   24.347  -21.026   32.490
 pdb1o03_A   -0.061    0.387   -0.128    0.412
 pdb1o08_A   -0.419    0.292   -0.089    0.518
 pdb1z4n_A   -6.923   -4.723   -7.779   11.621
 pdb1z4n_B   -6.455   -5.428   -8.596   12.252
 pdb1z4o_A   -2.076   -2.506   -1.787    3.734
 pdb1z4o_B   -9.357   -6.666   -4.777   12.643
 pdb1zol_A   -1.159   19.700  -19.409   27.470
 pdb2wf5_A   -0.000   -0.000    0.000    0.000
 pdb2wf6_A    0.073    0.084    0.173    0.206
 pdb2wf7_A    0.044    0.153    0.077    0.177
 pdb2wf8_A   -0.147   -0.239    0.124    0.307
 pdb2wf9_A   -3.473    1.161  -16.556   16.919
 pdb2wfa_A   -2.830   21.481  -22.360   30.653
 pdb2whe_A   -2.269   21.577  -21.311   30.019
 pdb3fm9_A   -0.197   20.333  -21.362   29.386
 pdb3zi4_A    0.142    0.112    0.269    0.324
 pdb4c4r_A    0.317   -0.215    0.227    0.446
 pdb4c4s_A   -0.311    0.169    0.285    0.455
 pdb4c4t_A   -0.069    0.233    0.192    0.310
 pdb5o6p_A   -2.818   -3.505  -11.815   12.719
 pdb5o6r_A   -7.335   -4.607   -8.768   12.526
 pdb5ojz_A   -1.916   13.808  -18.726   23.121
 pdb5ok0_A   -7.092   -6.399   -7.139   12.153
 pdb5ok1_A   -5.899   -4.149   -9.011   11.702
 pdb5ok2_A    0.056   -0.189   -0.216    0.292
 pdb5olw_A   -4.094   15.769  -23.886   28.374
 pdb5olw_B   -4.269   16.924  -22.938   28.243
 pdb5olx_A    0.176   -0.250    0.703    0.767
 pdb5oly_A   -0.800   -1.529   -1.100    2.052
 pdb5oly_G   -1.605   -3.355   -2.611    4.570
 pdb6h8u_A   -2.154   14.134  -19.866   24.216
 pdb6h8v_A   -1.692   14.164  -19.991   24.345
 pdb6h8v_B   -2.342   13.774  -19.497   23.716
 pdb6h8w_A   -4.100   15.504  -18.042   23.674
 pdb6h8x_A   -4.199   17.294  -11.431   20.778
 pdb6h8x_B   -5.585   11.136   -9.263   15.183
 pdb6h8y_A   -2.875   16.524  -14.475   21.846
 pdb6h8z_A   -9.108   18.972   -5.008   21.256
 pdb6h90_A   -1.758   13.578  -18.646   22.928
 pdb6h91_A   -4.078   15.623  -10.792   19.086
 pdb6h91_B   -4.990   12.126   -9.230   15.714
 pdb6h93_A   -5.118   19.077  -13.715   23.511
 pdb6h93_B   -5.515   11.923  -10.547   16.466
 pdb6h94_A   -8.348   18.337   -2.498   20.120
 pdb6hdf_A   -5.688   15.392  -10.391   18.985
 pdb6hdf_B   -4.505   16.571  -11.051   20.039
 pdb6hdg_A   -0.189   -0.407   -0.156    0.476
 pdb6hdh_A   -4.646   18.652  -14.565   23.610
 pdb6hdh_B   -6.463   13.284  -10.199   17.498
 pdb6hdi_A   -5.025   18.433  -13.781   23.036
 pdb6hdi_B   -6.764   11.755  -10.050   16.442
 pdb6hdj_A   -0.135   -0.286    0.032    0.318
 pdb6hdk_A    0.141   -0.044   -0.409    0.435
 pdb6hdl_A   -0.074   -0.236    0.273    0.368
 pdb6hdm_A    0.158    0.068   -0.113    0.206
 pdb6i03_A    0.637    0.122    0.086    0.654
 pdb6qzg_A   -3.915   16.679  -10.281   19.662
 pdb6qzg_B   -4.653   12.643   -8.569   15.675
 pdb6ydj_A   -0.251   -0.353   -0.143    0.457
 pdb6ydk_A   -3.044   19.988  -20.032   28.010
 pdb6ydl_A   -1.569   13.511  -19.425   23.524
 pdb6ydm_A   -6.583   13.104  -11.902   18.380
 pdb6ydm_B   -4.549   19.166  -13.962   23.656
 pdb8q1c_A   -5.156   12.651   -9.123   16.092
 pdb8q1c_B   -4.473   17.956  -12.610   21.959
 pdb8q1d_A   -4.178    2.189  -14.920   15.567
 pdb8q1e_A   -4.031    2.423  -17.468   18.003
 pdb8q1f_A   -3.548   -2.343  -13.039   13.781
 pdb8q1f_B   -1.917   -1.100  -13.283   13.483