 structure      yaw    pitch     roll    theta
 pdb1lvh_A   -7.066   18.589  -13.470   23.319
 pdb1lvh_B    2.155   26.899  -20.917   34.331
 pdb1o03_A   -0.010    0.398   -0.135    0.420
 pdb1o08_A   -0.416    0.302   -0.113    0.526
 pdb1z4n_A   -7.870   -5.470   -7.975   12.698
 pdb1z4n_B   -7.319   -6.088   -8.810   13.224
 pdb1z4o_A   -2.303   -2.816   -1.884    4.122
 pdb1z4o_B  -10.651   -7.904   -5.164   14.487
 pdb1zol_A   -1.744   21.873  -19.507   29.056
 pdb2wf5_A   -0.000    0.000    0.000    0.000
 pdb2wf6_A    0.090    0.075    0.176    0.211
 pdb2wf7_A    0.052    0.129    0.078    0.159
 pdb2wf8_A   -0.150   -0.325    0.116    0.376
 pdb2wf9_A   -4.173    0.999  -16.743   17.245
 pdb2wfa_A   -3.757   23.748  -22.630   32.361
 pdb2whe_A   -3.138   23.883  -21.517   31.751
 pdb3fm9_A   -0.690   22.505  -21.385   30.864
 pdb3zi4_A    0.205    0.098    0.259    0.344
 pdb4c4r_A    0.357   -0.300    0.226    0.519
 pdb4c4s_A   -0.309    0.141    0.275    0.437
 pdb4c4t_A   -0.041    0.222    0.182    0.290
 pdb5o6p_A   -3.406   -4.303  -12.047   13.350
 pdb5o6r_A   -8.371   -5.473   -8.978   13.695
 pdb5ojz_A   -2.601   15.187  -18.852   24.034
 pdb5ok0_A   -8.048   -7.431   -7.372   13.483
 pdb5ok1_A   -6.760   -4.947   -9.238   12.678
 pdb5ok2_A    0.056   -0.244   -0.222    0.334
 pdb5olw_A   -5.143   17.284  -24.147   29.424
 pdb5olw_B   -5.336   18.630  -23.211   29.473
 pdb5olx_A    0.237   -0.328    0.696    0.805
 pdb5oly_A   -0.905   -1.795   -1.156    2.326
 pdb5oly_G   -1.824   -3.851   -2.682    5.067
 pdb6h8u_A   -2.949   15.498  -20.044   25.141
 pdb6h8v_A   -2.440   15.516  -20.147   25.233
 pdb6h8v_B   -3.150   15.083  -19.684   24.621
 pdb6h8w_A   -5.018   17.144  -18.244   24.933
 pdb6h8x_A   -5.106   19.207  -11.591   22.536
 pdb6h8x_B   -6.573   12.313   -9.421   16.421
 pdb6h8y_A   -3.663   18.341  -14.573   23.304
 pdb6h8z_A  -10.509   21.194   -5.384   23.791
 pdb6h90_A   -2.390   14.934  -18.764   23.813
 pdb6h91_A   -4.951   17.351  -10.923   20.672
 pdb6h91_B   -5.852   13.391   -9.358   16.962
 pdb6h93_A   -6.186   21.151  -13.981   25.423
 pdb6h93_B   -6.531   13.151  -10.729   17.715
 pdb6h94_A   -9.598   20.471   -2.786   22.546
 pdb6hdf_A   -6.741   17.114  -10.578   20.679
 pdb6hdf_B   -5.459   18.368  -11.195   21.714
 pdb6hdg_A   -0.198   -0.431   -0.164    0.502
 pdb6hdh_A   -5.672   20.682  -14.798   25.411
 pdb6hdh_B   -7.569   14.703  -10.410   18.988
 pdb6hdi_A   -6.057   20.459  -14.017   24.875
 pdb6hdi_B   -7.879   12.980  -10.257   17.793
 pdb6hdj_A   -0.150   -0.367    0.026    0.397
 pdb6hdk_A    0.145   -0.098   -0.411    0.447
 pdb6hdl_A   -0.071   -0.309    0.268    0.415
 pdb6hdm_A    0.196    0.033   -0.115    0.230
 pdb6i03_A    0.747    0.095    0.088    0.758
 pdb6qzg_A   -4.801   18.540  -10.432   21.406
 pdb6qzg_B   -5.527   13.960   -8.681   16.985
 pdb6ydj_A   -0.279   -0.433   -0.156    0.539
 pdb6ydk_A   -3.976   22.075  -20.252   29.611
 pdb6ydl_A   -2.307   14.840  -19.556   24.374
 pdb6ydm_A   -7.735   14.490  -12.150   19.807
 pdb6ydm_B   -5.549   21.269  -14.190   25.544
 pdb8q1c_A   -6.110   13.989   -9.279   17.452
 pdb8q1c_B   -5.426   19.917  -12.808   23.748
 pdb8q1d_A   -4.930    2.101  -15.180   16.007
 pdb8q1e_A   -4.827    2.354  -17.734   18.428
 pdb8q1f_A   -4.213   -2.982  -13.293   14.358
 pdb8q1f_B   -2.445   -1.550  -13.504   13.841